$ANSIBLE_VAULT;1.1;AES256
31656661643337646634313533383261313763313764323964666334333935643837386233396539
3133333230373034666433666237386333303139333934340a356565303439326236633438663838
35383432343335326537346565666263653632633730323061313865313237393134636562393335
6566646263633132310a343735666630653530343762353335386135396239663262393137353238
39353166663030346462333362616138633531306235356237646333653964336363613332373134
38386233316561313234333162353630613836636431366538363534346138363832623930333031
37333638316561303366623262373862303231643861666366653837653230366539303232373539
33623633663938323062323861393032653561323766636163356335373232353731623534623466
63353436326633393963636330343734656662346165336139353465656130383761666331376365
34363865626636626437373830366662383363346533323939333238336332623565333536376563
326536326265356563613334646436343832
